NODES
0	0	0	0	120	0	0	0
1	11	1	22	120	1	0	26
2	18	1	0	120	1	0	27
3	18	1	11	120	1	0	28
4	6	2	21	120	2	0	29
5	13	1	19	120	1	0	30
6	5	1	20	120	1	0	31
7	1	2	5	120	2	0	32
8	14	1	7	120	1	0	33
9	15	1	22	120	1	0	34
10	17	2	44	120	2	0	35
11	14	2	64	120	2	0	36
12	3	1	17	120	1	0	37
13	1	2	2	120	2	0	38
14	5	3	46	120	3	0	39
15	1	2	15	120	2	0	40
16	3	1	12	120	1	0	41
17	3	1	21	120	1	0	42
18	13	2	67	120	2	0	43
19	22	1	1	120	1	0	44
20	20	1	47	120	1	0	45
21	21	1	27	120	1	0	46
22	2	1	2	120	1	0	47
23	6	1	6	120	1	0	48
24	9	1	19	120	1	0	49
25	21	1	17	120	1	0	50
26	5	-1	0	112	1	1	0
27	13	-1	0	42	1	2	0
28	20	-1	0	40	1	3	0
29	9	-2	0	108	2	4	0
30	7	-1	0	56	1	5	0
31	17	-1	0	115	1	6	0
32	2	-2	0	117	2	7	0
33	15	-1	0	102	1	8	0
34	10	-1	0	110	1	9	0
35	4	-2	0	117	2	10	0
36	17	-2	0	114	2	11	0
37	13	-1	0	95	1	12	0
38	21	-2	0	75	2	13	0
39	8	-3	0	115	3	14	0
40	14	-2	0	89	2	15	0
41	14	-1	0	113	1	16	0
42	19	-1	0	77	1	17	0
43	17	-2	0	100	2	18	0
44	12	-1	0	100	1	19	0
45	1	-1	0	89	1	20	0
46	8	-1	0	112	1	21	0
47	20	-1	0	109	1	22	0
48	18	-1	0	107	1	23	0
49	14	-1	0	108	1	24	0
50	19	-1	0	60	1	25	0
EDGES
0.0	0.6	1.74	3.12	4.07	4.99	5.88	5.99	5.33	4.7	3.82	2.77	2.36	1.75	0.96	2.06	2.56	3.11	4.96	4.61	5.55	6.82	6.42
0.6	0.0	1.14	2.52	3.47	4.39	5.28	5.39	4.73	4.1	3.22	2.17	1.76	1.15	1.56	2.66	1.96	2.51	4.36	4.01	4.95	6.22	5.82
1.74	1.14	0.0	1.38	2.33	3.25	4.14	4.68	4.02	3.39	2.51	1.03	2.21	1.6	2.7	3.2	2.41	2.96	3.67	4.46	5.4	5.85	5.11
3.12	2.52	1.38	0.0	0.95	1.87	2.76	4.22	4.06	3.43	2.55	1.07	2.67	2.98	4.08	4.58	3.72	3.17	3.71	4.54	5.48	5.89	5.15
4.07	3.47	2.33	0.95	0.0	0.92	1.81	3.27	3.93	4.38	3.5	2.02	3.62	3.93	5.03	5.53	4.67	4.12	4.66	5.49	6.21	4.94	4.2
4.99	4.39	3.25	1.87	0.92	0.0	0.89	2.35	3.01	3.64	4.42	2.94	4.54	4.85	5.95	6.45	5.59	5.04	5.32	6.15	5.29	4.02	3.28
5.88	5.28	4.14	2.76	1.81	0.89	0.0	1.46	2.12	2.75	3.63	3.83	5.09	5.7	6.84	7.02	5.9	5.81	4.43	5.26	4.4	3.13	2.39
5.99	5.39	4.68	4.22	3.27	2.35	1.46	0.0	0.66	1.29	2.17	3.65	3.63	4.24	5.42	5.56	4.44	4.35	2.97	3.8	2.94	1.67	0.93
5.33	4.73	4.02	4.06	3.93	3.01	2.12	0.66	0.0	0.63	1.51	2.99	2.97	3.58	4.76	4.9	3.78	3.69	2.31	3.14	3.1	1.83	1.09
4.7	4.1	3.39	3.43	4.38	3.64	2.75	1.29	0.63	0.0	0.88	2.36	2.34	2.95	4.13	4.27	3.15	3.06	1.68	2.51	3.45	2.46	1.72
3.82	3.22	2.51	2.55	3.5	4.42	3.63	2.17	1.51	0.88	0.0	1.48	1.46	2.07	3.25	3.39	2.27	2.18	1.16	1.99	2.93	3.34	2.6
2.77	2.17	1.03	1.07	2.02	2.94	3.83	3.65	2.99	2.36	1.48	0.0	1.6	2.21	3.39	3.77	2.65	2.1	2.64	3.47	4.41	4.82	4.08
2.36	1.76	2.21	2.67	3.62	4.54	5.09	3.63	2.97	2.34	1.46	1.6	0.0	0.61	1.79	2.21	1.42	1.59	2.62	3.09	4.03	4.8	4.06
1.75	1.15	1.6	2.98	3.93	4.85	5.7	4.24	3.58	2.95	2.07	2.21	0.61	0.0	1.18	1.6	0.81	1.36	3.21	2.86	3.8	5.07	4.67
0.96	1.56	2.7	4.08	5.03	5.95	6.84	5.42	4.76	4.13	3.25	3.39	1.79	1.18	0.0	1.1	1.99	2.54	4.39	4.04	4.98	6.25	5.85
2.06	2.66	3.2	4.58	5.53	6.45	7.02	5.56	4.9	4.27	3.39	3.77	2.21	1.6	1.1	0.0	1.12	1.67	3.52	3.17	4.11	5.38	5.99
2.56	1.96	2.41	3.72	4.67	5.59	5.9	4.44	3.78	3.15	2.27	2.65	1.42	0.81	1.99	1.12	0.0	0.55	2.4	2.05	2.99	4.26	4.87
3.11	2.51	2.96	3.17	4.12	5.04	5.81	4.35	3.69	3.06	2.18	2.1	1.59	1.36	2.54	1.67	0.55	0.0	1.85	1.5	2.44	3.71	4.45
4.96	4.36	3.67	3.71	4.66	5.32	4.43	2.97	2.31	1.68	1.16	2.64	2.62	3.21	4.39	3.52	2.4	1.85	0.0	0.83	1.77	3.04	3.4
4.61	4.01	4.46	4.54	5.49	6.15	5.26	3.8	3.14	2.51	1.99	3.47	3.09	2.86	4.04	3.17	2.05	1.5	0.83	0.0	0.94	2.21	2.95
5.55	4.95	5.4	5.48	6.21	5.29	4.4	2.94	3.1	3.45	2.93	4.41	4.03	3.8	4.98	4.11	2.99	2.44	1.77	0.94	0.0	1.27	2.01
6.82	6.22	5.85	5.89	4.94	4.02	3.13	1.67	1.83	2.46	3.34	4.82	4.8	5.07	6.25	5.38	4.26	3.71	3.04	2.21	1.27	0.0	0.74
6.42	5.82	5.11	5.15	4.2	3.28	2.39	0.93	1.09	1.72	2.6	4.08	4.06	4.67	5.85	5.99	4.87	4.45	3.4	2.95	2.01	0.74	0.0
NETS
0.0	0.6	0.0	0.0	0.0	0.0	0.0	0.0	0.0	0.0	0.0	0.0	0.0	0.0	0.96	0.0	0.0	0.0	0.0	0.0	0.0	0.0	0.0
0.6	0.0	1.14	0.0	0.0	0.0	0.0	0.0	0.0	0.0	0.0	0.0	0.0	1.15	0.0	0.0	0.0	0.0	0.0	0.0	0.0	0.0	0.0
0.0	1.14	0.0	1.38	0.0	0.0	0.0	0.0	0.0	0.0	0.0	1.03	0.0	1.6	0.0	0.0	0.0	0.0	0.0	0.0	0.0	0.0	0.0
0.0	0.0	1.38	0.0	0.95	0.0	0.0	0.0	0.0	0.0	0.0	1.07	0.0	0.0	0.0	0.0	0.0	0.0	0.0	0.0	0.0	0.0	0.0
0.0	0.0	0.0	0.95	0.0	0.92	0.0	0.0	0.0	0.0	0.0	0.0	0.0	0.0	0.0	0.0	0.0	0.0	0.0	0.0	0.0	0.0	0.0
0.0	0.0	0.0	0.0	0.92	0.0	0.89	0.0	0.0	0.0	0.0	0.0	0.0	0.0	0.0	0.0	0.0	0.0	0.0	0.0	0.0	0.0	0.0
0.0	0.0	0.0	0.0	0.0	0.89	0.0	1.46	0.0	0.0	0.0	0.0	0.0	0.0	0.0	0.0	0.0	0.0	0.0	0.0	0.0	0.0	0.0
0.0	0.0	0.0	0.0	0.0	0.0	1.46	0.0	0.66	0.0	0.0	0.0	0.0	0.0	0.0	0.0	0.0	0.0	0.0	0.0	0.0	0.0	0.93
0.0	0.0	0.0	0.0	0.0	0.0	0.0	0.66	0.0	0.63	0.0	0.0	0.0	0.0	0.0	0.0	0.0	0.0	0.0	0.0	0.0	0.0	1.09
0.0	0.0	0.0	0.0	0.0	0.0	0.0	0.0	0.63	0.0	0.88	0.0	0.0	0.0	0.0	0.0	0.0	0.0	1.68	0.0	0.0	0.0	0.0
0.0	0.0	0.0	0.0	0.0	0.0	0.0	0.0	0.0	0.88	0.0	1.48	1.46	0.0	0.0	0.0	2.27	2.18	1.16	0.0	0.0	0.0	0.0
0.0	0.0	1.03	1.07	0.0	0.0	0.0	0.0	0.0	0.0	1.48	0.0	1.6	0.0	0.0	0.0	0.0	2.1	0.0	0.0	0.0	0.0	0.0
0.0	0.0	0.0	0.0	0.0	0.0	0.0	0.0	0.0	0.0	1.46	1.6	0.0	0.61	0.0	0.0	1.77	1.59	0.0	0.0	0.0	0.0	0.0
0.0	1.15	1.6	0.0	0.0	0.0	0.0	0.0	0.0	0.0	0.0	0.0	0.61	0.0	1.18	1.6	0.81	0.0	0.0	0.0	0.0	0.0	0.0
0.96	0.0	0.0	0.0	0.0	0.0	0.0	0.0	0.0	0.0	0.0	0.0	0.0	1.18	0.0	1.1	0.0	0.0	0.0	0.0	0.0	0.0	0.0
0.0	0.0	0.0	0.0	0.0	0.0	0.0	0.0	0.0	0.0	0.0	0.0	0.0	1.6	1.1	0.0	1.12	0.0	0.0	0.0	0.0	0.0	0.0
0.0	0.0	0.0	0.0	0.0	0.0	0.0	0.0	0.0	0.0	2.27	0.0	1.77	0.81	0.0	1.12	0.0	0.55	0.0	0.0	0.0	0.0	0.0
0.0	0.0	0.0	0.0	0.0	0.0	0.0	0.0	0.0	0.0	2.18	2.1	1.59	0.0	0.0	0.0	0.55	0.0	1.85	1.5	0.0	0.0	0.0
0.0	0.0	0.0	0.0	0.0	0.0	0.0	0.0	0.0	1.68	1.16	0.0	0.0	0.0	0.0	0.0	0.0	1.85	0.0	0.83	0.0	0.0	0.0
0.0	0.0	0.0	0.0	0.0	0.0	0.0	0.0	0.0	0.0	0.0	0.0	0.0	0.0	0.0	0.0	0.0	1.5	0.83	0.0	0.94	0.0	0.0
0.0	0.0	0.0	0.0	0.0	0.0	0.0	0.0	0.0	0.0	0.0	0.0	0.0	0.0	0.0	0.0	0.0	0.0	0.0	0.94	0.0	1.27	0.0
0.0	0.0	0.0	0.0	0.0	0.0	0.0	0.0	0.0	0.0	0.0	0.0	0.0	0.0	0.0	0.0	0.0	0.0	0.0	0.0	1.27	0.0	0.74
0.0	0.0	0.0	0.0	0.0	0.0	0.0	0.93	1.09	0.0	0.0	0.0	0.0	0.0	0.0	0.0	0.0	0.0	0.0	0.0	0.0	0.74	0.0
