NODES
0	0	0	0	120	0	0	0
1	19	1	4	120	1	0	101
2	20	1	1	120	1	0	102
3	22	2	56	120	2	0	103
4	7	1	1	120	1	0	104
5	9	2	30	120	2	0	105
6	9	3	24	120	3	0	106
7	6	1	7	120	1	0	107
8	18	1	0	120	1	0	108
9	16	1	2	120	1	0	109
10	8	1	28	120	1	0	110
11	22	1	11	120	1	0	111
12	3	3	17	120	3	0	112
13	6	2	46	120	2	0	113
14	1	1	34	120	1	0	114
15	17	1	13	120	1	0	115
16	4	4	12	120	4	0	116
17	5	1	16	120	1	0	117
18	7	1	17	120	1	0	118
19	6	2	3	120	2	0	119
20	20	1	8	120	1	0	120
21	22	1	43	120	1	0	121
22	4	1	22	120	1	0	122
23	14	1	9	120	1	0	123
24	8	2	80	120	2	0	124
25	10	4	40	120	4	0	125
26	2	1	28	120	1	0	126
27	18	1	58	120	1	0	127
28	22	3	19	120	3	0	128
29	5	1	66	120	1	0	129
30	4	1	4	120	1	0	130
31	17	1	5	120	1	0	131
32	1	1	41	120	1	0	132
33	9	4	14	120	4	0	133
34	12	1	31	120	1	0	134
35	12	3	15	120	3	0	135
36	19	3	52	120	3	0	136
37	15	2	14	120	2	0	137
38	8	1	42	120	1	0	138
39	22	1	47	120	1	0	139
40	4	1	15	120	1	0	140
41	17	2	12	120	2	0	141
42	21	1	8	120	1	0	142
43	4	1	0	120	1	0	143
44	10	1	10	120	1	0	144
45	16	1	6	120	1	0	145
46	9	1	4	120	1	0	146
47	12	2	36	120	2	0	147
48	13	3	20	120	3	0	148
49	2	1	36	120	1	0	149
50	13	1	0	120	1	0	150
51	21	1	31	120	1	0	151
52	4	4	11	120	4	0	152
53	5	1	66	120	1	0	153
54	19	1	18	120	1	0	154
55	20	2	37	120	2	0	155
56	16	1	23	120	1	0	156
57	21	1	4	120	1	0	157
58	14	1	22	120	1	0	158
59	21	1	13	120	1	0	159
60	5	1	27	120	1	0	160
61	13	1	22	120	1	0	161
62	9	1	57	120	1	0	162
63	15	2	5	120	2	0	163
64	2	3	66	120	3	0	164
65	13	1	0	120	1	0	165
66	5	4	1	120	4	0	166
67	13	1	31	120	1	0	167
68	8	1	7	120	1	0	168
69	2	1	5	120	1	0	169
70	3	1	22	120	1	0	170
71	9	2	4	120	2	0	171
72	10	2	0	120	2	0	172
73	13	1	15	120	1	0	173
74	10	1	42	120	1	0	174
75	12	2	11	120	2	0	175
76	17	1	56	120	1	0	176
77	13	1	22	120	1	0	177
78	2	3	45	120	3	0	178
79	2	1	8	120	1	0	179
80	5	3	3	120	3	0	180
81	14	2	2	120	2	0	181
82	10	1	16	120	1	0	182
83	19	1	52	120	1	0	183
84	6	1	30	120	1	0	184
85	16	1	62	120	1	0	185
86	10	2	8	120	2	0	186
87	8	1	32	120	1	0	187
88	17	1	13	120	1	0	188
89	16	1	27	120	1	0	189
90	18	3	16	120	3	0	190
91	16	1	0	120	1	0	191
92	8	1	6	120	1	0	192
93	17	4	57	120	4	0	193
94	21	1	42	120	1	0	194
95	9	3	66	120	3	0	195
96	8	1	24	120	1	0	196
97	15	1	6	120	1	0	197
98	4	2	11	120	2	0	198
99	8	2	62	120	2	0	199
100	11	2	18	120	2	0	200
101	6	-1	0	116	1	1	0
102	5	-1	0	120	1	2	0
103	12	-2	0	110	2	3	0
104	10	-1	0	105	1	4	0
105	7	-2	0	89	2	5	0
106	4	-3	0	87	3	6	0
107	11	-1	0	74	1	7	0
108	10	-1	0	114	1	8	0
109	14	-1	0	84	1	9	0
110	7	-1	0	120	1	10	0
111	7	-1	0	93	1	11	0
112	20	-3	0	89	3	12	0
113	8	-2	0	91	2	13	0
114	3	-1	0	93	1	14	0
115	14	-1	0	95	1	15	0
116	21	-4	0	98	4	16	0
117	21	-1	0	111	1	17	0
118	14	-1	0	112	1	18	0
119	9	-2	0	50	2	19	0
120	7	-1	0	115	1	20	0
121	15	-1	0	119	1	21	0
122	18	-1	0	91	1	22	0
123	10	-1	0	69	1	23	0
124	16	-2	0	111	2	24	0
125	20	-4	0	118	4	25	0
126	19	-1	0	96	1	26	0
127	5	-1	0	96	1	27	0
128	8	-3	0	69	3	28	0
129	20	-1	0	112	1	29	0
130	12	-1	0	120	1	30	0
131	19	-1	0	43	1	31	0
132	18	-1	0	110	1	32	0
133	22	-4	0	109	4	33	0
134	18	-1	0	98	1	34	0
135	10	-3	0	86	3	35	0
136	8	-3	0	93	3	36	0
137	1	-2	0	111	2	37	0
138	20	-1	0	83	1	38	0
139	20	-1	0	97	1	39	0
140	18	-1	0	111	1	40	0
141	15	-2	0	97	2	41	0
142	10	-1	0	92	1	42	0
143	20	-1	0	86	1	43	0
144	20	-1	0	98	1	44	0
145	2	-1	0	112	1	45	0
146	11	-1	0	107	1	46	0
147	2	-2	0	115	2	47	0
148	21	-3	0	97	3	48	0
149	17	-1	0	103	1	49	0
150	20	-1	0	96	1	50	0
151	20	-1	0	106	1	51	0
152	7	-4	0	116	4	52	0
153	3	-1	0	89	1	53	0
154	10	-1	0	103	1	54	0
155	15	-2	0	105	2	55	0
156	7	-1	0	106	1	56	0
157	7	-1	0	47	1	57	0
158	8	-1	0	69	1	58	0
159	16	-1	0	99	1	59	0
160	18	-1	0	106	1	60	0
161	15	-1	0	97	1	61	0
162	2	-1	0	98	1	62	0
163	7	-2	0	116	2	63	0
164	20	-3	0	116	3	64	0
165	15	-1	0	105	1	65	0
166	3	-4	0	96	4	66	0
167	6	-1	0	102	1	67	0
168	7	-1	0	109	1	68	0
169	14	-1	0	85	1	69	0
170	15	-1	0	74	1	70	0
171	22	-2	0	78	2	71	0
172	14	-2	0	116	2	72	0
173	17	-1	0	72	1	73	0
174	1	-1	0	89	1	74	0
175	1	-2	0	47	2	75	0
176	13	-1	0	95	1	76	0
177	18	-1	0	77	1	77	0
178	1	-3	0	118	3	78	0
179	12	-1	0	93	1	79	0
180	18	-3	0	83	3	80	0
181	3	-2	0	89	2	81	0
182	19	-1	0	105	1	82	0
183	21	-1	0	120	1	83	0
184	3	-1	0	110	1	84	0
185	18	-1	0	116	1	85	0
186	6	-2	0	66	2	86	0
187	2	-1	0	100	1	87	0
188	22	-1	0	88	1	88	0
189	19	-1	0	85	1	89	0
190	2	-3	0	105	3	90	0
191	21	-1	0	64	1	91	0
192	19	-1	0	116	1	92	0
193	18	-4	0	119	4	93	0
194	13	-1	0	96	1	94	0
195	6	-3	0	108	3	95	0
196	6	-1	0	115	1	96	0
197	21	-1	0	102	1	97	0
198	7	-2	0	86	2	98	0
199	7	-2	0	116	2	99	0
200	17	-2	0	68	2	100	0
EDGES
0.0	0.6	1.74	3.12	4.07	4.99	5.88	5.99	5.33	4.7	3.82	2.77	2.36	1.75	0.96	2.06	2.56	3.11	4.96	4.61	5.55	6.82	6.42
0.6	0.0	1.14	2.52	3.47	4.39	5.28	5.39	4.73	4.1	3.22	2.17	1.76	1.15	1.56	2.66	1.96	2.51	4.36	4.01	4.95	6.22	5.82
1.74	1.14	0.0	1.38	2.33	3.25	4.14	4.68	4.02	3.39	2.51	1.03	2.21	1.6	2.7	3.2	2.41	2.96	3.67	4.46	5.4	5.85	5.11
3.12	2.52	1.38	0.0	0.95	1.87	2.76	4.22	4.06	3.43	2.55	1.07	2.67	2.98	4.08	4.58	3.72	3.17	3.71	4.54	5.48	5.89	5.15
4.07	3.47	2.33	0.95	0.0	0.92	1.81	3.27	3.93	4.38	3.5	2.02	3.62	3.93	5.03	5.53	4.67	4.12	4.66	5.49	6.21	4.94	4.2
4.99	4.39	3.25	1.87	0.92	0.0	0.89	2.35	3.01	3.64	4.42	2.94	4.54	4.85	5.95	6.45	5.59	5.04	5.32	6.15	5.29	4.02	3.28
5.88	5.28	4.14	2.76	1.81	0.89	0.0	1.46	2.12	2.75	3.63	3.83	5.09	5.7	6.84	7.02	5.9	5.81	4.43	5.26	4.4	3.13	2.39
5.99	5.39	4.68	4.22	3.27	2.35	1.46	0.0	0.66	1.29	2.17	3.65	3.63	4.24	5.42	5.56	4.44	4.35	2.97	3.8	2.94	1.67	0.93
5.33	4.73	4.02	4.06	3.93	3.01	2.12	0.66	0.0	0.63	1.51	2.99	2.97	3.58	4.76	4.9	3.78	3.69	2.31	3.14	3.1	1.83	1.09
4.7	4.1	3.39	3.43	4.38	3.64	2.75	1.29	0.63	0.0	0.88	2.36	2.34	2.95	4.13	4.27	3.15	3.06	1.68	2.51	3.45	2.46	1.72
3.82	3.22	2.51	2.55	3.5	4.42	3.63	2.17	1.51	0.88	0.0	1.48	1.46	2.07	3.25	3.39	2.27	2.18	1.16	1.99	2.93	3.34	2.6
2.77	2.17	1.03	1.07	2.02	2.94	3.83	3.65	2.99	2.36	1.48	0.0	1.6	2.21	3.39	3.77	2.65	2.1	2.64	3.47	4.41	4.82	4.08
2.36	1.76	2.21	2.67	3.62	4.54	5.09	3.63	2.97	2.34	1.46	1.6	0.0	0.61	1.79	2.21	1.42	1.59	2.62	3.09	4.03	4.8	4.06
1.75	1.15	1.6	2.98	3.93	4.85	5.7	4.24	3.58	2.95	2.07	2.21	0.61	0.0	1.18	1.6	0.81	1.36	3.21	2.86	3.8	5.07	4.67
0.96	1.56	2.7	4.08	5.03	5.95	6.84	5.42	4.76	4.13	3.25	3.39	1.79	1.18	0.0	1.1	1.99	2.54	4.39	4.04	4.98	6.25	5.85
2.06	2.66	3.2	4.58	5.53	6.45	7.02	5.56	4.9	4.27	3.39	3.77	2.21	1.6	1.1	0.0	1.12	1.67	3.52	3.17	4.11	5.38	5.99
2.56	1.96	2.41	3.72	4.67	5.59	5.9	4.44	3.78	3.15	2.27	2.65	1.42	0.81	1.99	1.12	0.0	0.55	2.4	2.05	2.99	4.26	4.87
3.11	2.51	2.96	3.17	4.12	5.04	5.81	4.35	3.69	3.06	2.18	2.1	1.59	1.36	2.54	1.67	0.55	0.0	1.85	1.5	2.44	3.71	4.45
4.96	4.36	3.67	3.71	4.66	5.32	4.43	2.97	2.31	1.68	1.16	2.64	2.62	3.21	4.39	3.52	2.4	1.85	0.0	0.83	1.77	3.04	3.4
4.61	4.01	4.46	4.54	5.49	6.15	5.26	3.8	3.14	2.51	1.99	3.47	3.09	2.86	4.04	3.17	2.05	1.5	0.83	0.0	0.94	2.21	2.95
5.55	4.95	5.4	5.48	6.21	5.29	4.4	2.94	3.1	3.45	2.93	4.41	4.03	3.8	4.98	4.11	2.99	2.44	1.77	0.94	0.0	1.27	2.01
6.82	6.22	5.85	5.89	4.94	4.02	3.13	1.67	1.83	2.46	3.34	4.82	4.8	5.07	6.25	5.38	4.26	3.71	3.04	2.21	1.27	0.0	0.74
6.42	5.82	5.11	5.15	4.2	3.28	2.39	0.93	1.09	1.72	2.6	4.08	4.06	4.67	5.85	5.99	4.87	4.45	3.4	2.95	2.01	0.74	0.0
NETS
0.0	0.6	0.0	0.0	0.0	0.0	0.0	0.0	0.0	0.0	0.0	0.0	0.0	0.0	0.96	0.0	0.0	0.0	0.0	0.0	0.0	0.0	0.0
0.6	0.0	1.14	0.0	0.0	0.0	0.0	0.0	0.0	0.0	0.0	0.0	0.0	1.15	0.0	0.0	0.0	0.0	0.0	0.0	0.0	0.0	0.0
0.0	1.14	0.0	1.38	0.0	0.0	0.0	0.0	0.0	0.0	0.0	1.03	0.0	1.6	0.0	0.0	0.0	0.0	0.0	0.0	0.0	0.0	0.0
0.0	0.0	1.38	0.0	0.95	0.0	0.0	0.0	0.0	0.0	0.0	1.07	0.0	0.0	0.0	0.0	0.0	0.0	0.0	0.0	0.0	0.0	0.0
0.0	0.0	0.0	0.95	0.0	0.92	0.0	0.0	0.0	0.0	0.0	0.0	0.0	0.0	0.0	0.0	0.0	0.0	0.0	0.0	0.0	0.0	0.0
0.0	0.0	0.0	0.0	0.92	0.0	0.89	0.0	0.0	0.0	0.0	0.0	0.0	0.0	0.0	0.0	0.0	0.0	0.0	0.0	0.0	0.0	0.0
0.0	0.0	0.0	0.0	0.0	0.89	0.0	1.46	0.0	0.0	0.0	0.0	0.0	0.0	0.0	0.0	0.0	0.0	0.0	0.0	0.0	0.0	0.0
0.0	0.0	0.0	0.0	0.0	0.0	1.46	0.0	0.66	0.0	0.0	0.0	0.0	0.0	0.0	0.0	0.0	0.0	0.0	0.0	0.0	0.0	0.93
0.0	0.0	0.0	0.0	0.0	0.0	0.0	0.66	0.0	0.63	0.0	0.0	0.0	0.0	0.0	0.0	0.0	0.0	0.0	0.0	0.0	0.0	1.09
0.0	0.0	0.0	0.0	0.0	0.0	0.0	0.0	0.63	0.0	0.88	0.0	0.0	0.0	0.0	0.0	0.0	0.0	1.68	0.0	0.0	0.0	0.0
0.0	0.0	0.0	0.0	0.0	0.0	0.0	0.0	0.0	0.88	0.0	1.48	1.46	0.0	0.0	0.0	2.27	2.18	1.16	0.0	0.0	0.0	0.0
0.0	0.0	1.03	1.07	0.0	0.0	0.0	0.0	0.0	0.0	1.48	0.0	1.6	0.0	0.0	0.0	0.0	2.1	0.0	0.0	0.0	0.0	0.0
0.0	0.0	0.0	0.0	0.0	0.0	0.0	0.0	0.0	0.0	1.46	1.6	0.0	0.61	0.0	0.0	1.77	1.59	0.0	0.0	0.0	0.0	0.0
0.0	1.15	1.6	0.0	0.0	0.0	0.0	0.0	0.0	0.0	0.0	0.0	0.61	0.0	1.18	1.6	0.81	0.0	0.0	0.0	0.0	0.0	0.0
0.96	0.0	0.0	0.0	0.0	0.0	0.0	0.0	0.0	0.0	0.0	0.0	0.0	1.18	0.0	1.1	0.0	0.0	0.0	0.0	0.0	0.0	0.0
0.0	0.0	0.0	0.0	0.0	0.0	0.0	0.0	0.0	0.0	0.0	0.0	0.0	1.6	1.1	0.0	1.12	0.0	0.0	0.0	0.0	0.0	0.0
0.0	0.0	0.0	0.0	0.0	0.0	0.0	0.0	0.0	0.0	2.27	0.0	1.77	0.81	0.0	1.12	0.0	0.55	0.0	0.0	0.0	0.0	0.0
0.0	0.0	0.0	0.0	0.0	0.0	0.0	0.0	0.0	0.0	2.18	2.1	1.59	0.0	0.0	0.0	0.55	0.0	1.85	1.5	0.0	0.0	0.0
0.0	0.0	0.0	0.0	0.0	0.0	0.0	0.0	0.0	1.68	1.16	0.0	0.0	0.0	0.0	0.0	0.0	1.85	0.0	0.83	0.0	0.0	0.0
0.0	0.0	0.0	0.0	0.0	0.0	0.0	0.0	0.0	0.0	0.0	0.0	0.0	0.0	0.0	0.0	0.0	1.5	0.83	0.0	0.94	0.0	0.0
0.0	0.0	0.0	0.0	0.0	0.0	0.0	0.0	0.0	0.0	0.0	0.0	0.0	0.0	0.0	0.0	0.0	0.0	0.0	0.94	0.0	1.27	0.0
0.0	0.0	0.0	0.0	0.0	0.0	0.0	0.0	0.0	0.0	0.0	0.0	0.0	0.0	0.0	0.0	0.0	0.0	0.0	0.0	1.27	0.0	0.74
0.0	0.0	0.0	0.0	0.0	0.0	0.0	0.93	1.09	0.0	0.0	0.0	0.0	0.0	0.0	0.0	0.0	0.0	0.0	0.0	0.0	0.74	0.0
